episod,total_reward
1,20.5778496297
2,20.5788457857
3,20.5836714478
4,20.8467341254
5,21.0286827031
6,21.0019741563
7,22.3478238034
8,14.3651134331
9,13.7186723886
10,15.6739569456
11,11.8190286276
12,12.4668506986
13,13.0584430626
14,13.3767375774
15,13.3592796661
16,13.3671642153
17,13.4287448324
18,13.3380731276
19,13.4342169967
20,13.4020036278
21,13.4112379896
22,13.3437498141
23,13.4207178027
24,13.3928287587
25,13.3713106571
26,13.3999283108
27,13.3579783358
28,13.3559570417
29,13.410800511
30,13.3828832839
31,13.2785113226
32,12.4176791767
33,20.9723803676
34,16.7436264113
35,12.4173506536
36,12.4055825975
37,21.1465556951
38,19.6863712127
39,18.1361864279
40,12.9439532821
41,21.3267089319
42,20.717184306
43,16.6096834213
44,17.2892727297
45,14.7635920647
46,19.7887882401
47,19.6171825106
48,14.5952905649
49,12.7037091938
50,12.6202302377
51,13.8010738467
52,12.1299108829
53,14.3384416624
54,11.1285591507
55,11.2988090329
56,20.5489419487
57,11.5444711274
58,11.659266671
59,24.2611490939
60,12.2444378561
61,13.126967358
62,19.5169355246
63,12.2126410614
64,19.1049040548
65,14.2045130651
66,12.6905069471
67,11.5914473904
68,15.0731777101
69,18.0658132661
70,28.374132627
71,15.5914868713
72,12.8714502015
73,14.6209164568
74,12.3306928799
75,11.0536311654
76,11.8004298197
77,13.2398605498
78,21.138226005
79,13.8356140439
80,13.6982503231
81,13.0562443997
82,39.0363586978
83,31.4670638346
84,13.2139983096
85,15.9571352273
86,23.1676069821
87,26.4769475468
88,14.46200782
89,21.2713944733
90,31.5005120979
91,18.8136250661
92,20.4423566037
93,12.1995258363
94,21.5831279072
95,22.1403282677
96,14.4352899515
97,15.7081796411
98,21.971275346
99,13.3864495448
100,16.0011044825
101,19.7144190184
102,27.4183921928
103,11.5861377726
104,20.3197853195
105,17.3081481343
106,17.5477227507
107,12.5074076412
108,15.8879027409
109,18.8818344941
110,17.7049403377
111,21.237770929
112,19.3549470404
113,16.7133615997
114,16.661288486
115,14.0154028311
116,19.697794687
117,19.9837194262
118,20.3916774347
119,19.8657279879
120,21.5241210433
121,20.0690389559
122,20.5046476285
123,20.266230687
124,19.8149663273
125,20.200405836
126,19.6685873558
127,20.3757924518
128,19.6988704922
129,20.3667643581
130,20.077214916
131,20.254637194
132,19.9087494073
133,19.9448075602
134,19.6930514393
135,19.9071225247
136,19.4503812644
137,18.8150077804
138,20.3849582786
139,19.8449540209
140,20.1266188143
141,19.9654037203
142,14.3859351564
143,13.1339665969
144,17.1199235547
145,12.2742670836
146,16.5964934216
147,19.8586368368
148,21.9858191976
149,19.0859202558
150,17.7299034711
151,19.3549428115
152,20.0001738015
153,19.4116159545
154,19.44708478
155,19.6542504916
156,19.8132618597
157,19.6457427005
158,20.2509164895
159,19.6648198695
160,19.548949952
161,19.2661364314
162,19.4617200167
163,19.7190410333
164,19.0785806506
165,17.9765574783
166,21.7667056473
167,20.1813736986
168,19.3552368725
169,19.6067425326
170,19.5493294255
171,20.0314114057
172,18.5654987934
173,18.6129220275
174,19.9257128105
175,20.7313457252
176,19.9576861217
177,19.9223679932
178,19.9895665619
179,19.6994007142
180,20.091287011
181,20.063860976
182,20.9000304485
183,18.4161056718
184,19.7917912925
185,19.6182949057
186,20.8464991078
187,20.4018368433
188,21.4618454215
189,21.2017292651
190,20.0849014177
191,19.9415557482
192,19.1965021282
193,19.4964487825
194,20.6540147712
195,18.0874800747
196,19.4115603024
197,18.7742916352
198,18.8645659498
199,20.2611625731
200,19.0282810736
201,19.5606081138
202,19.8131147914
203,19.4925871542
204,17.9915850271
205,19.9746399819
206,20.308510345
207,19.2144713904
208,21.8401137571
209,22.802063285
210,19.7526398284
211,19.633169642
212,19.8283339472
213,18.8172700188
214,19.2441202942
215,24.237570996
216,21.6567352171
217,22.4882651034
218,19.3592433838
219,15.6299607715
220,22.7359824823
221,16.4743689199
222,19.8071601625
223,19.7392183042
224,17.5802561783
225,15.0595825143
226,20.0077393414
227,19.8902635812
228,19.7930241431
229,20.1338255598
230,18.9562983806
231,12.759929978
232,12.6092500719
233,19.3142821655
234,12.5095340491
235,19.2295959161
236,13.1986951951
237,20.6225206561
238,19.3340873181
239,21.1012632472
240,16.1882857999
241,15.6357434643
242,15.6868268135
243,15.5571293139
244,15.9578392316
245,16.5917289617
246,15.4797640339
247,15.4012270901
248,15.4147049274
249,15.8053594702
250,15.2887620785
251,15.912161468
252,15.3220787013
253,15.2585853615
254,15.2824993915
255,15.266043031
256,15.2404230643
257,15.2251215545
258,15.2915716176
259,15.2664794784
260,15.2416365827
261,15.2344482772
262,15.223726809
263,15.2776559721
264,15.209191247
265,15.2459792762
266,15.2418988897
267,15.2663690167
268,15.2746154503
269,15.2522409789
270,15.2439542822
271,15.2039896948
272,15.2705318169
273,15.2729764684
274,15.2532108019
275,15.2603366073
276,15.2438350071
277,15.251529307
278,15.263827616
279,15.2947998548
280,15.2667224809
281,15.2652562339
282,15.2561963404
283,15.2554599224
284,15.268101768
285,15.2747260773
286,15.2795813222
287,15.2503980286
288,15.2668858826
289,15.2750592665
290,15.2810038786
291,15.2348759966
292,15.2230580611
293,15.2929138621
294,15.2676152956
295,15.2334568774
296,15.2641577497
297,15.1914037824
298,15.2647070452
299,15.2409893729
300,15.3263311413
301,15.2128911832
302,15.301344465
303,15.2827996641
304,15.2624553554
305,15.222226697
306,15.2265006148
307,15.2282073241
308,15.1760832934
309,15.2764279604
310,15.2192356079
311,15.2357460278
312,15.2233119054
313,15.2798328658
314,15.1717531288
315,15.2280794872
316,15.2824968179
317,15.2259680798
318,15.2898707638
319,15.2859319909
320,15.2130806591
321,15.2246141492
322,15.2293149162
323,15.2890203019
324,15.2995156231
325,15.2201748207
326,15.2608423816
327,15.2356718401
328,15.2099690909
329,15.2469307605
330,15.31628828
331,15.2268209844
332,15.290720217
333,15.2267438835
334,15.3005667374
335,15.2638682001
336,15.2345321066
337,15.2215907292
338,15.3291452836
339,15.2482550078
340,15.2261809873
341,15.2310067669
342,15.2412555166
343,15.2279473753
344,15.2912361554
345,15.2861782786
346,15.2910852767
347,15.2802304156
348,15.2528193194
349,15.2197897292
350,15.2567801384
351,15.2288151637
352,15.1895916585
353,15.2246402804
354,15.2328919022
355,15.2362810451
356,15.2434407663
357,15.2793236713
358,15.2992030638
359,15.2102011743
360,15.2947095763
361,15.2106525287
362,15.209478993
363,15.2807766024
364,15.2914881706
365,15.2925148104
366,15.2963188517
367,15.2566799646
368,15.3002194487
369,15.2353529075
370,15.3112675437
371,15.256460525
372,15.242712457
373,15.2605173197
374,15.2568170387
375,15.1907478907
376,15.2114599351
377,15.2680801424
378,15.2888329461
379,15.2572772977
380,15.2488894998
381,15.1959791287
382,15.2219871994
383,15.2392486581
384,15.2211167733
385,15.2283213561
386,15.2230437875
387,15.2462689317
388,15.1996283558
389,11.081975564
390,22.2592118754
391,21.2815749437
392,23.7919219007
393,16.2561602494
394,23.7953241189
395,15.325000858
396,25.1247993979
397,20.3476975063
398,16.5461967169
399,16.8559443664
400,23.6820706502
401,16.2020612262
402,17.4225286827
403,14.4044439096
404,25.3333180337
405,16.2842731439
406,15.4280815513
407,16.2887382256
408,13.9252857305
409,21.6535188781
410,19.4463489401
411,13.7376438977
412,16.1305481627
413,17.5840400496
414,14.3740071537
415,16.5645624667
416,13.0462663392
417,20.7269381512
418,13.5643498488
419,23.3203560798
420,16.1365043659
421,16.1295496146
422,17.9852756169
423,13.6695065444
424,13.076791126
425,12.4992516878
426,21.7058420861
427,12.9680043084
428,14.124062004
429,15.3703586168
430,16.7714380833
431,23.3977553634
432,14.9194255047
433,15.0129759292
434,15.6048374916
435,12.7167491049
436,12.4469256221
437,16.4840337507
438,14.247499142
439,21.0622581108
440,12.2517743697
441,22.7428186921
442,12.6993936449
443,16.626115301
444,12.9969756884
445,14.904755545
446,15.0823509981
447,13.0222122631
448,11.8148049042
449,13.5098835334
450,11.5163041339
451,13.2092759602
452,17.6845980886
453,15.5108627042
454,14.8302553718
455,11.8666076217
456,14.9279147349
457,18.8834697081
458,12.4526765572
459,11.3129065869
460,13.0361946981
461,9.67204967803
462,11.8704244205
463,9.21864882944
464,9.42219920334
465,13.983595169
466,12.3786813132
467,12.5279666744
468,13.2406802793
469,9.9355533422
470,14.8875196705
471,14.4875037967
472,11.1033584691
473,12.6507939721
474,10.1274606406
475,17.4740141286
476,9.93265860765
477,9.45559994496
478,11.278909786
479,11.3096350392
480,10.1689231301
481,10.4300792138
482,12.6683243872
483,14.364023337
484,11.6779539726
485,11.9950708259
486,12.3821881887
487,10.8847568232
488,10.4496784837
489,11.4625410283
490,16.7355961702
491,14.0234094444
492,11.2207069871
493,15.6504941292
494,12.3221941732
495,17.4550622234
496,12.6100014207
497,15.630007745
498,12.5616155014
499,14.1958524008
500,12.8112603573
501,12.1851051307
502,12.7734488004
503,12.7917407319
504,10.4782171257
505,11.8129480552
506,12.7325994803
507,12.8998906343
508,11.8595570422
509,10.5459750824
510,13.2255432528
511,10.9779748248
512,11.170649598
513,11.8266037324
514,12.1379096144
515,12.3645713558
516,13.2679594275
517,11.1051803005
518,10.1714684348
519,11.7081430898
520,11.8492204461
521,12.0505912174
522,12.7709334387
523,13.716610726
524,13.9605526995
525,11.8955009738
526,10.230956404
527,11.3072769286
528,11.0631269996
529,10.7632770142
530,11.4584219695
531,10.9446887433
532,11.2044849378
533,11.2055483851
534,13.1290699104
535,12.6649173847
536,12.847330355
537,10.5353450989
538,13.7110012271
539,13.1804126664
540,12.8728835418
541,12.3437701212
542,13.3403560896
543,11.137556438
544,10.4963688696
545,11.1278561158
546,10.5988400602
547,13.6697446718
548,11.385738912
549,15.9284802537
550,12.3707028115
551,10.8344237438
552,13.366463253
553,11.6465357049
554,12.9542165562
555,13.0071061003
556,15.3026272989
557,12.8472292606
558,12.9799249503
559,13.6453942782
560,14.8730039753
561,13.0869283903
562,12.7203939922
563,17.3398524944
564,18.5948035534
565,20.37879463
566,16.390387252
567,14.379127798
568,14.895368485
569,15.8512649549
570,13.4206738156
571,16.6962926473
572,15.1442272131
573,16.246003847
574,15.4784409851
575,13.0792018493
576,14.2333284814
577,16.780993218
578,13.964149594
579,13.263003697
580,16.306186594
581,13.5148670083
582,14.2645489234
583,13.1391061976
584,14.3193212676
585,13.3835944288
586,16.1392140743
587,13.2748742032
588,13.3545810435
589,14.8144623393
590,13.1521838411
591,14.5529250937
592,12.5910210624
593,14.4073223944
594,14.2685826268
595,14.3247785541
596,14.5536473847
597,20.1336480977
598,17.8848764802
599,20.443647609
600,18.7900507202
601,21.1830076911
602,18.6592332212
603,18.6250485169
604,15.259369053
605,18.4676851099
606,16.1587519475
607,15.5360727217
608,16.4159741078
609,15.2963344717
610,17.4157329565
611,22.7182379791
612,23.084330749
613,17.0204757749
614,15.1884168768
615,15.1556067007
616,15.3002824157
617,15.8697601873
618,18.4452327399
619,15.3096881808
620,15.4237838449
621,15.3250343148
622,19.9451604637
623,16.1724081026
624,15.1132371194
625,15.0908565818
626,15.1782718119
627,15.4092148054
628,15.3248625205
629,14.9113954098
630,15.019297771
631,15.5163173418
632,14.8997351999
633,15.5222227801
634,15.5292047198
635,15.3085708554
636,14.8940681429
637,15.2221699907
638,15.278298525
639,15.2422055998
640,15.180572179
641,15.1075864617
642,15.2374885592
643,15.6123518369
644,15.2854858749
645,14.6959059644
646,15.2026910112
647,14.0768675933
648,14.9202060792
649,14.7191846193
650,14.7898692687
651,13.9174532458
652,14.2240934305
653,15.1626647432
654,15.1605442609
655,15.2471681449
656,14.3577854586
657,15.2008442464
658,15.193269437
659,15.2761765199
660,15.1691018732
661,14.4395371825
662,15.2615709006
663,15.5048208412
664,15.2749230613
665,15.4015151815
666,14.7635189351
667,14.3549719848
668,15.0663804813
669,14.8595763504
670,14.7370825593
671,15.2277702061
672,14.6204329186
673,15.2449525205
674,15.1525296276
675,14.7520161124
676,15.1901597137
677,14.5587681704
678,14.150536529
679,14.2406560026
680,14.2265649884
681,14.2243869632
682,13.88509432
683,15.3254806477
684,15.5865769871
685,15.3949969842
686,13.9831997162
687,15.532859238
688,15.2841205168
689,15.1763064172
690,14.8400271527
691,15.1326020622
692,15.7451265129
693,15.9397242876
694,15.7708170759
695,15.7264257439
696,15.8037664483
697,14.7445545495
698,15.6264722196
699,15.3368315542
700,16.4396768901
701,14.3499732453
702,13.7764316548
703,13.7547559181
704,14.5397725214
705,14.6893193249
706,15.1327932957
707,16.4428330424
708,14.1619901967
709,15.5714679002
710,16.1832059519
711,13.8036002125
712,14.2983561436
713,13.8424621596
714,16.5730561134
715,16.8390760052
716,14.8981100687
717,14.4518963942
718,14.7719012883
719,15.333827473
720,14.4401976898
721,14.4443033074
722,13.5566142735
723,13.606409501
724,13.6421822684
725,13.6669976204
726,13.6012823772
727,12.8624557693
728,14.1231199145
729,14.3525444064
730,14.1371734287
731,15.004908435
732,13.160578092
733,13.5460309408
734,15.6649884683
735,18.1598511459
736,14.4955241828
737,14.587084555
738,13.3217388012
739,14.6404459289
740,14.621572738
741,13.6158092375
742,12.9402669421
743,12.6490215791
744,15.7256759723
745,13.8845517106
746,13.6410994056
747,13.1744792836
748,13.1439640094
749,14.2691482047
750,14.1232038626
751,15.1162413509
752,19.2791056834
753,13.8971500156
754,14.8119228048
755,12.4726145299
756,13.0292651888
757,12.8044432327
758,12.7273481424
759,12.7104468645
760,13.4885267341
761,13.7983013187
762,12.4932937727
763,14.4105496394
